El Centro_EW
0.000000	0.00000000e+00
0.000000	0.00000000e+00
0.020000	2.58499989e-03
0.040000	2.10499996e-03
0.060000	1.62000000e-03
0.080000	1.13500003e-03
0.100000	8.39999993e-04
0.120000	2.23500002e-03
0.140000	3.62499990e-03
0.160000	3.56999994e-03
0.180000	2.33000005e-03
0.200000	1.09000003e-03
0.220000	-1.50000007e-04
0.240000	2.41500000e-03
0.260000	4.98500001e-03
0.280000	7.13999989e-03
0.300000	5.55999996e-03
0.320000	3.92499985e-03
0.340000	2.31999997e-03
0.360000	7.14999973e-04
0.380000	-8.95000005e-04
0.400000	-1.23499997e-03
0.420000	2.24000006e-03
0.440000	5.71000017e-03
0.460000	8.67000036e-03
0.480000	2.14000000e-03
0.500000	-4.38500009e-03
0.520000	-1.09099997e-02
0.540000	-5.20000001e-03
0.560000	4.18999977e-03
0.580000	5.00999996e-03
0.600000	6.07000012e-03
0.620000	9.27999988e-03
0.640000	1.24899996e-02
0.660000	1.46350004e-02
0.680000	7.18999980e-03
0.700000	5.24999993e-03
0.720000	5.08000003e-03
0.740000	4.92000021e-03
0.760000	1.72499998e-03
0.780000	-3.95999989e-03
0.800000	-9.63499956e-03
0.820000	-1.61150005e-02
0.840000	-1.69300009e-02
0.860000	-1.92750003e-02
0.880000	-2.52899993e-02
0.900000	-3.07449996e-02
0.920000	-2.64100004e-02
0.940000	-2.21299995e-02
0.960000	-1.78449992e-02
0.980000	-1.35100000e-02
1.000000	-1.84049997e-02
1.020000	-2.38099992e-02
1.040000	-2.92700008e-02
1.060000	-3.51850018e-02
1.080000	-4.11499999e-02
1.100000	-3.87500003e-02
1.120000	-3.48250009e-02
1.140000	-2.59550009e-02
1.159999	-2.14150008e-02
1.179999	-1.26449997e-02
1.199999	1.56049998e-02
1.219999	4.39000018e-02
1.239999	3.43649983e-02
1.259999	2.28450000e-02
1.279999	1.13700004e-02
1.299999	3.15000012e-04
1.319999	-8.87000002e-03
1.339999	-1.80500001e-02
1.359999	-2.72300001e-02
1.379999	-3.76800001e-02
1.399999	-5.09900004e-02
1.419999	-6.47550002e-02
1.439999	-7.80149996e-02
1.459999	-8.26049969e-02
1.479999	-6.67949989e-02
1.499999	-5.15000001e-02
1.519999	-4.59900014e-02
1.539999	-4.94100004e-02
1.559999	-4.79299985e-02
1.579999	-4.64500003e-02
1.599999	-5.30299991e-02
1.619999	-6.06749989e-02
1.639999	-4.02299985e-02
1.659999	4.69599999e-02
1.679999	1.19824998e-01
1.699999	1.10134996e-01
1.719999	1.00960001e-01
1.739999	9.17799994e-02
1.759999	8.26049969e-02
1.779999	8.46399963e-02
1.799999	8.66800025e-02
1.819999	8.82100016e-02
1.839999	8.41299966e-02
1.859999	6.93449974e-02
1.879999	5.40499985e-02
1.899999	3.89549993e-02
1.919999	2.19250005e-02
1.939999	1.32499996e-03
1.959999	-1.92750003e-02
1.979999	-3.98249999e-02
1.999999	-6.01649992e-02
2.019999	-8.10749978e-02
2.039999	-1.01470001e-01
2.059999	-1.21864997e-01
2.079999	-1.42260000e-01
2.099999	-1.55515000e-01
2.119999	-1.66734993e-01
2.139999	-1.78460002e-01
2.159999	-1.60105005e-01
2.179999	-1.24415003e-01
2.199999	-2.74499995e-03
2.219999	1.39200002e-01
2.239999	1.13195002e-01
2.259999	8.71900022e-02
2.279999	6.11849986e-02
2.299999	3.54899988e-02
2.319999	9.53499973e-03
2.339998	-8.77000019e-03
2.359998	-2.70750001e-02
2.379998	-4.53299992e-02
2.399998	-6.37350008e-02
2.419998	-8.20949972e-02
2.439998	-1.00450002e-01
2.459998	1.13705002e-01
2.479998	1.19314998e-01
2.499998	8.82100016e-02
2.519998	5.71100004e-02
2.539998	2.59050000e-02
2.559998	-5.20000001e-03
2.579998	3.75999999e-03
2.599998	8.71900022e-02
2.619998	9.89200026e-02
2.639998	8.66800025e-02
2.659998	7.44450018e-02
2.679998	6.22050017e-02
2.699998	4.99200001e-02
2.719998	3.76800001e-02
2.739998	2.54950002e-02
2.759998	1.32550001e-02
2.779998	1.05500000e-03
2.799998	-1.11649996e-02
2.819998	-5.08499984e-03
2.839998	1.59600005e-02
2.859998	3.69650014e-02
2.879998	5.15000001e-02
2.899998	4.00799997e-02
2.919998	2.86049992e-02
2.939998	1.71300005e-02
2.959998	4.52500023e-03
2.979998	-9.07499995e-03
2.999998	-2.26900000e-02
3.019998	-3.62549983e-02
3.039998	-1.38699999e-02
3.059998	2.36099996e-02
3.079998	1.02500003e-02
3.099998	-3.06500006e-03
3.119998	-1.64199993e-02
3.139998	-3.02900001e-02
3.159998	-4.43600006e-02
3.179998	-5.86399995e-02
3.199998	-7.24050030e-02
3.219998	-3.27350013e-02
3.239998	-5.91500010e-03
3.259998	-2.38099992e-02
3.279998	-4.17100005e-02
3.299998	-5.96599989e-02
3.319998	-7.75049999e-02
3.339998	-9.53499973e-02
3.359998	-1.42750004e-02
3.379997	8.56600031e-02
3.399997	5.60900010e-02
3.419997	2.67699994e-02
3.439997	-2.73999991e-03
3.459997	-3.22749987e-02
3.479997	1.37149999e-02
3.499997	8.36250037e-02
3.519997	6.93449974e-02
3.539997	5.50700016e-02
3.559997	4.10949998e-02
3.579997	2.69750003e-02
3.599997	1.28499996e-02
3.619997	-1.27000001e-03
3.639997	3.25799994e-02
3.659997	2.39150003e-02
3.679997	1.52449999e-02
3.699997	6.57999981e-03
3.719997	-2.11500004e-03
3.739997	-1.37649998e-02
3.759997	-2.55950000e-02
3.779997	-3.74250002e-02
3.799997	-2.03450006e-02
3.819997	-1.74500002e-03
3.839997	1.68249998e-02
3.859997	2.37999996e-03
3.879997	-1.20850001e-02
3.899997	-2.65650004e-02
3.919997	-4.28799987e-02
3.939997	-5.91499992e-02
3.959997	-7.59750009e-02
3.979997	-9.22899991e-02
3.999997	-4.75200005e-02
4.019997	9.99500044e-03
4.039997	-3.24500003e-03
4.059997	-1.64700001e-02
4.079997	-7.44500011e-03
4.099997	9.43499990e-03
4.119997	-1.56000000e-03
4.139997	-1.25449998e-02
4.159997	-2.35050004e-02
4.179997	-3.44699994e-02
4.199997	-4.64500003e-02
4.219997	-5.91499992e-02
4.239997	-7.13850036e-02
4.259997	-8.41299966e-02
4.279997	-9.79000032e-02
4.299997	-1.00450002e-01
4.319997	-9.99400020e-02
4.339997	-9.68799964e-02
4.359997	-7.80149996e-02
4.379997	3.99250016e-02
4.399997	5.45599982e-02
4.419997	2.70249993e-02
4.439997	-6.00000028e-04
4.459997	4.01300006e-02
4.479997	8.10749978e-02
4.499997	1.21354997e-01
4.519997	1.17784999e-01
4.539997	9.43299979e-02
4.559997	7.13850036e-02
4.579997	4.83400002e-02
4.599997	2.26399992e-02
4.619997	-6.98499987e-03
4.639997	-3.66099998e-02
4.659997	-6.62849993e-02
4.679996	-9.58599970e-02
4.699996	-3.38549986e-02
4.719996	2.37099994e-02
4.739996	1.84999997e-04
4.759996	-2.33549997e-02
4.779996	-4.68599983e-02
4.799996	-7.03649968e-02
4.819996	-9.38199982e-02
4.839996	-1.17275000e-01
4.859996	-1.41240001e-01
4.879996	3.26850004e-02
4.899996	8.15849975e-02
4.919996	6.37350008e-02
4.939996	4.59400006e-02
4.959996	2.79949997e-02
4.979996	4.14550006e-02
4.999996	1.13195002e-01
5.019996	9.89200026e-02
5.039996	8.46399963e-02
5.059996	7.03649968e-02
5.079996	5.60900010e-02
5.099996	4.18099985e-02
5.119996	2.75350008e-02
5.139996	1.78950001e-02
5.159996	5.00699989e-02
5.179996	6.73049986e-02
5.199996	6.27150014e-02
5.219996	5.81299998e-02
5.239996	4.32900004e-02
5.259996	2.53400002e-02
5.279996	7.44500011e-03
5.299996	-1.04550002e-02
5.319996	8.36250037e-02
5.339996	6.47550002e-02
5.359996	4.53800000e-02
5.379996	2.61550006e-02
5.399996	6.93499995e-03
5.419996	-1.23399999e-02
5.439996	-3.15600000e-02
5.459996	-5.07850014e-02
5.479996	-3.29400003e-02
5.499996	-1.26449997e-02
5.519996	7.84999970e-03
5.539996	-7.13999989e-03
5.559996	-2.20800005e-02
5.579996	-3.70699987e-02
5.599996	-5.20099998e-02
5.619996	-6.62849993e-02
5.639996	-8.05649981e-02
5.659996	-9.48399976e-02
5.679996	-7.75049999e-02
5.699996	-3.93650010e-02
5.719995	-4.62500006e-03
5.739995	-8.77000019e-03
5.759995	-1.72850005e-02
5.779995	-2.58000009e-02
5.799995	-1.73349995e-02
5.819995	2.30000005e-04
5.839995	1.23399999e-02
5.859995	8.00499972e-03
5.879995	9.84000042e-03
5.899995	1.31550003e-02
5.919995	1.03000002e-02
5.939995	4.81999991e-03
5.959995	-4.55999980e-03
5.979995	-1.71300005e-02
5.999995	-2.96749994e-02
6.019995	-2.00399999e-02
6.039995	-8.84999987e-04
6.059995	2.15700008e-02
6.079995	1.55499997e-02
6.099995	-1.24999997e-03
6.119995	-1.80500001e-02
6.139995	-1.16999994e-03
6.159995	8.05499963e-03
6.179995	-5.49999997e-04
6.199995	-9.18000005e-03
6.219995	-1.77950002e-02
6.239995	-2.64100004e-02
6.259995	-1.26949996e-02
6.279995	7.95000000e-04
6.299995	9.89000034e-03
6.319995	3.41499993e-03
6.339995	-3.04499990e-03
6.359995	-3.42500000e-03
6.379995	3.62999993e-03
6.399995	4.76500019e-03
6.419995	1.96000002e-03
6.439995	-8.44999973e-04
6.459995	-3.65499989e-03
6.479995	3.99999990e-04
6.499995	1.28499996e-02
6.519995	2.52899993e-02
6.539995	1.72349997e-02
6.559995	1.20850001e-02
6.579995	9.73999966e-03
6.599995	7.44500011e-03
6.619995	5.15000010e-03
6.639995	-9.94499959e-03
6.659995	-7.65000004e-04
6.679995	8.36000033e-03
6.699995	3.68000008e-03
6.719995	4.91000013e-03
6.739995	6.42499980e-03
6.759995	7.08999997e-03
6.779994	2.58999993e-03
6.799994	-1.90000003e-03
6.819994	-9.18000005e-03
6.839994	-1.65199991e-02
6.859994	-2.99800001e-02
6.879994	-4.68100011e-02
6.899994	-1.93750001e-02
6.919994	1.30000003e-02
6.939994	1.54499998e-02
6.959994	5.15000010e-03
6.979994	-5.20000001e-03
6.999994	-6.63000019e-03
7.019994	8.36000033e-03
7.039994	2.33549997e-02
7.059994	2.76849996e-02
7.079994	1.60099994e-02
7.099994	4.36499994e-03
7.119994	-6.21999986e-03
7.139994	-1.42750004e-02
7.159994	-2.22800002e-02
7.179994	-1.05050001e-02
7.199994	6.26999978e-03
7.219994	1.56549998e-02
7.239994	7.74999987e-03
7.259994	8.72000027e-03
7.279994	1.08099999e-02
7.299994	5.24999993e-03
7.319994	-2.84999987e-04
7.339994	-5.50499978e-03
7.359994	-1.07100001e-02
7.379994	-1.33100003e-02
7.399994	-5.30500012e-03
7.419994	2.65499996e-03
7.439994	-4.33999998e-03
7.459994	-1.77449994e-02
7.479994	-2.97250003e-02
7.499994	-1.47350002e-02
7.519994	-1.37499999e-03
7.539994	2.45500007e-03
7.559994	6.26999978e-03
7.579994	-7.14999973e-04
7.599994	-2.42000003e-03
7.619994	-9.58499964e-03
7.639994	-1.67250000e-02
7.659994	-2.38649994e-02
7.679994	-2.79399995e-02
7.699994	-2.26900000e-02
7.719994	-1.74899995e-02
7.739994	-2.36099996e-02
7.759994	-3.58450003e-02
7.779994	-2.21299995e-02
7.799994	-1.66250002e-02
7.819993	-8.15999974e-03
7.839993	1.19300000e-02
7.859993	1.65700000e-02
7.879993	2.12650001e-02
7.899993	2.38099992e-02
7.919993	2.49850005e-02
7.939993	2.51400005e-02
7.959993	2.41700001e-02
7.979993	1.28499996e-02
7.999993	-1.38699999e-02
8.019994	3.62000009e-03
8.039994	2.34549996e-02
8.059995	3.39099988e-02
8.079995	2.29449999e-02
8.099996	2.03450006e-02
8.119996	1.83049999e-02
8.139997	1.71850007e-02
8.159997	1.60600003e-02
8.179997	1.49400001e-02
8.199998	1.53500000e-02
8.219998	1.79999992e-02
8.239999	2.02450007e-02
8.259999	1.41749997e-02
8.280000	7.95499980e-03
8.300000	-1.50500005e-03
8.320001	-1.09099997e-02
8.340001	-1.58050004e-02
8.360002	-1.61150005e-02
8.380002	-1.64199993e-02
8.400002	-1.56049998e-02
8.420003	-1.42750004e-02
8.440003	-1.30000003e-02
8.460004	-7.54499994e-03
8.480004	-4.66499990e-03
8.500005	-7.69999996e-03
8.520005	-1.07600000e-02
8.540006	3.51300016e-02
8.560006	6.98549971e-02
8.580007	8.05649981e-02
8.600007	7.24050030e-02
8.620008	6.42450005e-02
8.640008	5.60900010e-02
8.660008	4.60949987e-02
8.680009	3.61000001e-02
8.700009	2.61049997e-02
8.720010	1.61150005e-02
8.740010	6.16999995e-03
8.760011	3.87999997e-03
8.780011	9.32999980e-03
8.800012	1.31550003e-02
8.820012	1.92499999e-03
8.840013	-9.27999988e-03
8.860013	-3.38499993e-03
8.880013	-6.63000019e-03
8.900014	-2.34050006e-02
8.920014	-4.01800014e-02
8.940015	-5.76200001e-02
8.960015	-7.69950002e-02
8.980016	-9.63699967e-02
9.000016	4.41050008e-02
9.020017	4.89000008e-02
9.040017	2.83499993e-02
9.060018	7.79999979e-03
9.080018	3.93150002e-02
9.100019	4.47200015e-02
9.120019	3.50299999e-02
9.140019	3.20699997e-02
9.160020	3.49299982e-02
9.180020	1.12199998e-02
9.200021	-1.24899996e-02
9.220021	-4.66049984e-02
9.240022	-8.05649981e-02
9.260022	-6.78149983e-02
9.280023	-1.71300005e-02
9.300023	-2.08550002e-02
9.320024	-1.32050002e-02
9.340024	5.81499981e-03
9.360024	2.47799996e-02
9.380025	4.38000001e-02
9.400025	5.91499992e-02
9.420026	6.78149983e-02
9.440026	4.91049998e-02
9.460027	2.56999992e-02
9.480027	2.26500002e-03
9.500028	-2.11599991e-02
9.520028	-5.15000001e-02
9.540029	-8.61700028e-02
9.560029	-1.33600002e-02
9.580029	1.70799997e-02
9.600030	9.63499956e-03
9.620030	2.23500002e-03
9.640031	-5.20000001e-03
9.660031	-1.86100006e-02
9.680032	-4.31349985e-02
9.700032	-6.68000011e-03
9.720033	4.50749993e-02
9.740033	2.46799998e-02
9.760034	8.92500021e-03
9.780034	3.89999989e-03
9.800035	-1.09999999e-03
9.820035	-1.25949997e-02
9.840035	-2.69200001e-02
9.860036	-3.50299999e-02
9.880036	-4.30850014e-02
9.900037	-3.14599983e-02
9.920037	-1.75899994e-02
9.940038	3.01000010e-03
9.960038	-8.35000013e-04
9.980039	1.58600006e-02
10.000039	3.33449990e-02
10.020040	1.42249996e-02
10.040040	-4.90499986e-03
10.060040	-2.40150001e-02
10.080041	-1.31050004e-02
10.100041	5.10000018e-03
10.120042	5.40499995e-03
10.140042	5.20000001e-03
10.160043	1.46850003e-02
10.180043	2.41700001e-02
10.200044	2.37600002e-02
10.220044	1.67750008e-02
10.240045	9.73999966e-03
10.260045	-4.65499982e-03
10.280046	-2.16199998e-02
10.300046	-3.89549993e-02
10.320046	-5.60900010e-02
10.340047	-4.47699986e-02
10.360047	-1.59600005e-02
10.380048	1.78950001e-02
10.400048	2.53950004e-02
10.420049	1.12699997e-02
10.440049	3.46199982e-02
10.460050	6.22050017e-02
10.480050	4.17100005e-02
10.500051	2.13649999e-02
10.520051	1.01000001e-03
10.540051	-1.20350001e-02
10.560052	-2.19250005e-02
10.580052	-2.15150006e-02
10.600053	-5.60999988e-03
10.620053	6.12000003e-03
10.640054	1.27450004e-02
10.660054	1.94249991e-02
10.680055	1.66749991e-02
10.700055	1.86100006e-02
10.720056	2.83000004e-02
10.740056	3.79349999e-02
10.760056	4.76250015e-02
10.780057	3.47249992e-02
10.800057	2.06499994e-02
10.820058	6.47500018e-03
10.840058	-5.40499995e-03
10.860059	1.57500000e-03
10.880059	4.18499997e-03
10.900060	6.63000019e-03
10.920060	2.77900007e-02
10.940061	1.37149999e-02
10.960061	-3.84999992e-04
10.980062	-1.44800004e-02
11.000062	-2.83499993e-02
11.020062	-3.79850008e-02
11.040063	-1.81000009e-02
11.060063	3.28500010e-03
11.080064	2.46799998e-02
11.100064	2.70750001e-02
11.120065	1.68249998e-02
11.140065	6.57999981e-03
11.160066	-3.68000008e-03
11.180066	-1.39199998e-02
11.200067	-1.73349995e-02
11.220067	6.88500004e-03
11.240067	2.53400002e-02
11.260068	3.67100015e-02
11.280068	3.90600003e-02
11.300069	3.40100005e-02
11.320069	2.89600007e-02
11.340070	2.38649994e-02
11.360070	1.88149996e-02
11.380071	1.37649998e-02
11.400071	2.50850003e-02
11.420072	3.53850015e-02
11.440072	4.26249988e-02
11.460073	6.32250011e-02
11.480073	5.30299991e-02
11.500073	4.25750017e-02
11.520074	3.24800014e-02
11.540074	2.63599996e-02
11.560075	2.02450007e-02
11.580075	1.41249998e-02
11.600076	3.50499991e-03
11.620076	-7.34000001e-03
11.640077	-1.82050001e-02
11.660077	-2.84000002e-02
11.680078	-3.62549983e-02
11.700078	-4.41050008e-02
11.720078	-5.20099998e-02
11.740079	-5.55800013e-02
11.760079	-5.81299998e-02
11.780080	-6.06749989e-02
11.800080	-6.32250011e-02
11.820081	-7.54650012e-02
11.840081	-8.82100016e-02
11.860082	-1.01470001e-01
11.880082	-7.75049999e-02
11.900083	-2.40150001e-02
11.920083	8.41499958e-03
11.940084	4.08399999e-02
11.960084	3.76299992e-02
11.980084	3.25299986e-02
12.000085	4.78800014e-02
12.020085	6.42450005e-02
12.040086	6.67949989e-02
12.060086	5.81299998e-02
12.080087	4.97150011e-02
12.100087	4.10949998e-02
12.120088	4.03850004e-02
12.140088	4.51750010e-02
12.160089	4.69099991e-02
12.180089	4.66049984e-02
12.200089	4.63499986e-02
12.220090	4.67550009e-02
12.240090	4.71150018e-02
12.260091	3.71199995e-02
12.280091	6.83500012e-03
12.300092	-1.31050004e-02
12.320092	-1.14749996e-02
12.340093	-2.19250005e-02
12.360093	-2.21800003e-02
12.380094	-6.83500012e-03
12.400094	-1.72349997e-02
12.420094	-2.76350006e-02
12.440095	-2.80949995e-02
12.460095	-1.86100006e-02
12.480096	-9.12499987e-03
12.500096	-5.04500000e-03
12.520097	-1.72349997e-02
12.540097	-2.17199996e-02
12.560098	-1.25949997e-02
12.580098	-1.63700003e-02
12.600099	-1.48400003e-02
12.620099	-3.48499999e-03
12.640100	-4.99999987e-06
12.660100	6.01499993e-03
12.680100	8.82000010e-03
12.700101	4.09500021e-03
12.720101	-6.09999988e-04
12.740102	-3.81499995e-03
12.760102	6.57999981e-03
12.780103	1.69300009e-02
12.800103	1.85100008e-02
12.820104	6.88500004e-03
12.840104	-5.15000010e-03
12.860105	-2.00900007e-02
12.880105	-2.29449999e-02
12.900105	-2.35549994e-02
12.920106	-2.30449997e-02
12.940106	-2.19250005e-02
12.960107	-1.23399999e-02
12.980107	-6.57999981e-03
13.000108	-9.63499956e-03
13.020108	-1.65199991e-02
13.040109	-2.34050006e-02
13.060109	-2.75849998e-02
13.080110	-2.84000002e-02
13.100110	-3.66600007e-02
13.120111	-4.06400003e-02
13.140111	-4.56850007e-02
13.160111	-2.70249993e-02
13.180112	3.50000009e-05
13.200112	9.84000042e-03
13.220113	1.87650006e-02
13.240113	2.43200008e-02
13.260114	2.46799998e-02
13.280114	1.85599998e-02
13.300115	1.37149999e-02
13.320115	7.59499986e-03
13.340116	-2.48300005e-02
13.360116	-7.09999993e-04
13.380116	2.97250003e-02
13.400117	1.46850003e-02
13.420117	-2.80499994e-03
13.440118	-2.02949997e-02
13.460118	-1.04550002e-02
13.480119	2.66149994e-02
13.500119	5.71100004e-02
13.520120	2.63599996e-02
13.540120	6.26999978e-03
13.560121	-3.35999997e-03
13.580121	2.65499996e-03
13.600121	1.34600000e-02
13.620122	2.12650001e-02
13.640122	1.75400004e-02
13.660123	1.61150005e-02
13.680123	1.44800004e-02
13.700124	6.21999986e-03
13.720124	3.00000003e-03
13.740125	-1.76000001e-03
13.760125	-1.12699997e-02
13.780126	-1.68750007e-02
13.800126	-3.63049991e-02
13.820127	-5.71100004e-02
13.840127	-2.02450007e-02
13.860127	1.63700003e-02
13.880128	5.30299991e-02
13.900128	5.20099998e-02
13.920129	4.12500016e-02
13.940129	3.05950008e-02
13.960130	1.97850000e-02
13.980130	9.02500004e-03
14.000131	7.60000024e-04
14.020131	-5.81499981e-03
14.040132	-1.93249993e-02
14.060132	-1.18300002e-02
14.080132	2.62599997e-02
14.100133	2.73800008e-02
14.120133	3.20699997e-02
14.140134	3.33449990e-02
14.160134	2.16700006e-02
14.180135	6.07000012e-03
14.200135	-2.83000004e-02
14.220136	-4.35950011e-02
14.240136	-5.86399995e-02
14.260137	-7.64850006e-02
14.280137	-6.32250011e-02
14.300138	-4.57900017e-02
14.320138	-1.03500001e-02
14.340138	5.55999996e-03
14.360139	1.73850004e-02
14.380139	4.39999998e-03
14.400140	-8.61500017e-03
14.420140	-2.16199998e-02
14.440141	-2.89099999e-02
14.460141	-4.06999979e-03
14.480142	4.18000016e-03
14.500142	1.30000003e-02
14.520143	6.12000003e-03
14.540143	-7.30000029e-04
14.560143	4.43500001e-03
14.580144	1.15750004e-02
14.600144	1.62649993e-02
14.620145	2.53400002e-02
14.640145	3.64050008e-02
14.660146	3.69650014e-02
14.680146	1.82050001e-02
14.700147	8.92500021e-03
14.720147	7.60000024e-04
14.740148	-4.71000001e-03
14.760148	-6.12000003e-03
14.780149	-7.49500003e-03
14.800149	-1.88149996e-02
14.820149	-1.16250003e-02
14.840150	1.94249991e-02
14.860150	3.84449996e-02
14.880151	2.11100001e-02
14.900151	5.35500003e-03
14.920152	-8.82000010e-03
14.940152	-2.30449997e-02
14.960153	-1.34600000e-02
14.980153	2.60000001e-04
15.000154	1.39699997e-02
15.020154	8.15999974e-03
15.040154	-8.25999957e-03
15.060155	-2.27400009e-02
15.080155	-3.68649997e-02
15.100156	-3.70200016e-02
15.120156	-1.99900009e-02
15.140157	-6.69999979e-04
15.160157	1.23899998e-02
15.180158	1.57050006e-02
15.200158	1.32050002e-02
15.220159	8.15999974e-03
15.240159	1.42500002e-03
15.260159	-1.26449997e-02
15.280160	-3.26999999e-03
15.300160	1.04000000e-02
15.320161	2.41199993e-02
15.340161	2.43749991e-02
15.360162	1.36650000e-02
15.380162	2.99499999e-03
15.400163	-7.69999996e-03
15.420163	-9.44999978e-04
15.440164	4.44999989e-03
15.460164	-6.52500009e-03
15.480165	-1.75400004e-02
15.500165	-2.85550002e-02
15.520165	-2.90649999e-02
15.540166	-2.25350000e-02
15.560166	-1.60099994e-02
15.580167	-2.13149991e-02
15.600167	-3.04899998e-02
15.620168	-3.96700017e-02
15.640168	-1.68750007e-02
15.660169	9.53499973e-03
15.680169	2.60550007e-02
15.700170	4.21149991e-02
15.720170	2.68200003e-02
15.740170	1.24399997e-02
15.760171	3.23999999e-03
15.780171	-6.01499993e-03
15.800172	2.21500010e-03
15.820172	1.62150003e-02
15.840173	3.02350000e-02
15.860173	2.27899998e-02
15.880174	1.29500004e-02
15.900174	3.12500005e-03
15.920175	-6.73000002e-03
15.940175	-5.50499978e-03
15.960176	1.67999999e-03
15.980176	7.95499980e-03
16.000175	1.41749997e-02
16.020176	2.28450000e-02
16.040176	1.02500003e-02
16.060177	-2.33999989e-03
16.080177	-1.33100003e-02
16.100178	-2.41199993e-02
16.120178	-2.92700008e-02
16.140179	-3.35000008e-02
16.160179	-1.96800008e-02
16.180180	-2.46999995e-03
16.200180	3.41099985e-02
16.220181	4.20649983e-02
16.240181	2.66650002e-02
16.260181	1.30550005e-02
16.280182	-2.74999999e-04
16.300182	-1.35650001e-02
16.320183	-2.20800005e-02
16.340183	-4.59499983e-03
16.360184	-1.15250004e-02
16.380184	-1.84049997e-02
16.400185	-1.40749998e-02
16.420185	-9.73999966e-03
16.440186	-8.92500021e-03
16.460186	-8.51500034e-03
16.480186	-3.01000010e-03
16.500187	6.63000019e-03
16.520187	1.62150003e-02
16.540188	2.11100001e-02
16.560188	1.16750002e-02
16.580189	2.28999997e-03
16.600189	-7.13999989e-03
16.620190	-1.44999998e-03
16.640190	1.35650001e-02
16.660191	1.66250002e-02
16.680191	1.97349992e-02
16.700191	1.60600003e-02
16.720192	1.06549999e-02
16.740192	9.73999966e-03
16.760193	8.82000010e-03
16.780193	6.42499980e-03
16.800194	4.14999988e-04
16.820194	6.57999981e-03
16.840195	1.17800003e-02
16.860195	-3.84999992e-04
16.880196	-1.43799996e-02
16.900196	-3.18149999e-02
16.920197	-4.70650010e-02
16.940197	-4.69099991e-02
16.960197	-4.00799997e-02
16.980198	-2.87599992e-02
17.000198	-1.18800001e-02
17.020199	3.00000014e-04
17.040199	9.27999988e-03
17.060200	1.10649997e-02
17.080200	5.50499978e-03
17.100201	9.99999975e-06
17.120201	-5.50499978e-03
17.140202	-1.10149998e-02
17.160202	-4.74999985e-03
17.180202	5.45499986e-03
17.200203	1.56549998e-02
17.220203	2.58499999e-02
17.240204	3.60499993e-02
17.260204	3.40100005e-02
17.280205	2.53400002e-02
17.300205	1.69799998e-02
17.320206	8.72000027e-03
17.340206	4.25000006e-04
17.360207	5.50499978e-03
17.380207	1.49900001e-02
17.400208	2.44750008e-02
17.420208	2.29449999e-02
17.440208	1.86599996e-02
17.460209	1.43299997e-02
17.480209	1.99900009e-02
17.500210	2.56500002e-02
17.520210	2.54950002e-02
17.540211	2.28950009e-02
17.560211	1.85599998e-02
17.580212	1.52449999e-02
17.600212	1.25949997e-02
17.620213	9.22999997e-03
17.640213	4.35000006e-03
17.660213	-1.66250002e-02
17.680214	-3.86000015e-02
17.700214	-4.56850007e-02
17.720215	-4.36999984e-02
17.740215	-3.73749994e-02
17.760216	-2.87599992e-02
17.780216	-4.67999978e-03
17.800217	1.78499997e-03
17.820217	8.25999957e-03
17.840218	3.56000010e-03
17.860218	-1.12999999e-03
17.880219	-4.92999982e-03
17.900219	-6.07000012e-03
17.920219	-7.59499986e-03
17.940220	-1.30550005e-02
17.960220	-5.81499981e-03
17.980221	1.38000003e-03
18.000221	8.61500017e-03
18.020222	-1.53500005e-03
18.040222	-5.45499986e-03
18.060223	-9.37999971e-03
18.080223	-2.07499997e-03
18.100224	6.47500018e-03
18.120224	1.40199997e-02
18.140224	3.74500011e-03
18.160225	-6.07000012e-03
18.180225	-9.32999980e-03
18.200226	2.36000004e-03
18.220226	1.40749998e-02
18.240227	1.91699993e-02
18.260227	9.02500004e-03
18.280228	1.56000000e-03
18.300228	-4.19999997e-04
18.320229	-1.27500005e-03
18.340229	-2.12999992e-03
18.360229	-2.98999995e-03
18.380230	-4.36499994e-03
18.400230	-6.52500009e-03
18.420231	-8.67000036e-03
18.440231	-1.08599998e-02
18.460232	-1.30000003e-02
18.480232	-1.51450001e-02
18.500233	-1.72850005e-02
18.520233	-1.94249991e-02
18.540234	-2.31999997e-02
18.560234	-2.24849992e-02
18.580235	-1.43799996e-02
18.600235	-6.26999978e-03
18.620235	1.94500003e-03
18.640236	9.12499987e-03
18.660236	1.33000000e-03
18.680237	-6.47500018e-03
18.700237	8.10499955e-03
18.720238	2.51899995e-02
18.740238	3.59449983e-02
18.760239	3.18700001e-02
18.780239	2.49850005e-02
18.800240	6.93499995e-03
18.820240	-1.11149997e-02
18.840240	-1.94249991e-02
18.860241	-4.96499985e-03
18.880241	5.45499986e-03
18.900242	6.52500009e-03
18.920242	9.27999988e-03
18.940243	1.85599998e-02
18.960243	2.78900005e-02
18.980244	1.72850005e-02
19.000244	5.50000004e-05
19.020245	-6.63000019e-03
19.040245	-7.54499994e-03
19.060246	-8.25999957e-03
19.080246	-1.18800001e-02
19.100246	-1.60600003e-02
19.120247	-2.02450007e-02
19.140247	-1.31550003e-02
19.160248	3.14499997e-03
19.180248	1.94249991e-02
19.200249	1.75899994e-02
19.220249	1.48400003e-02
19.240250	1.45300003e-02
19.260250	1.66749991e-02
19.280251	1.44300004e-02
19.300251	6.83500012e-03
19.320251	-5.02000004e-03
19.340252	-1.68750007e-02
19.360252	-2.38649994e-02
19.380253	-1.61150005e-02
19.400253	-8.36000033e-03
19.420254	8.49999997e-05
19.440254	7.95499980e-03
19.460255	1.35650001e-02
19.480255	1.91200003e-02
19.500256	9.22999997e-03
19.520256	-2.95000011e-03
19.540257	-1.57549996e-02
19.560257	-2.85550002e-02
19.580257	-2.72799991e-02
19.600258	-1.18300002e-02
19.620258	1.18999998e-03
19.640259	6.93499995e-03
19.660259	1.26949996e-02
19.680260	1.77449994e-02
19.700260	1.87149998e-02
19.720261	1.96300000e-02
19.740261	2.06000004e-02
19.760262	2.31500007e-02
19.780262	2.58499999e-02
19.800262	2.14649998e-02
19.820263	1.99900009e-02
19.840263	1.88149996e-02
19.860264	1.16250003e-02
19.880264	3.20499996e-03
19.900265	-2.72500003e-03
19.920265	-1.43499998e-03
19.940266	2.94500007e-03
19.960266	7.34000001e-03
19.980267	9.27999988e-03
20.000267	-2.56499997e-03
20.020267	-1.66250002e-02
20.040268	-3.18149999e-02
20.060268	-3.87500003e-02
20.080269	-3.97199988e-02
20.100269	-3.86000015e-02
20.120270	-3.39099988e-02
20.140270	-2.64650006e-02
20.160271	-1.57050006e-02
20.180271	-1.24500005e-03
20.200272	1.54499998e-02
20.220272	2.05000006e-02
20.240273	2.55449992e-02
20.260273	2.35549994e-02
20.280273	2.07550004e-02
20.300274	1.63700003e-02
20.320274	5.55999996e-03
20.340275	-9.89000034e-03
20.360275	-2.18250006e-02
20.380276	-3.09999995e-02
20.400276	-2.77399998e-02
20.420277	-1.63150001e-02
20.440277	-7.29000010e-03
20.460278	1.73500006e-03
20.480278	1.09649999e-02
20.500278	2.44750008e-02
20.520279	1.41749997e-02
20.540279	1.24999997e-03
20.560280	-1.14749996e-02
20.580280	-2.36600004e-02
20.600281	-3.40100005e-02
20.620281	-3.14100012e-02
20.640282	-2.37099994e-02
20.660282	-1.16750002e-02
20.680283	7.60000024e-04
20.700283	1.36150001e-02
20.720284	2.61049997e-02
20.740284	3.55900005e-02
20.760284	4.51250002e-02
20.780285	4.80300002e-02
20.800285	3.56899984e-02
20.820286	2.22800002e-02
20.840286	-1.30000000e-04
20.860287	-1.70300007e-02
20.880287	-2.83499993e-02
20.900288	-3.62000018e-02
20.920288	-2.42199991e-02
20.940289	-1.65199991e-02
20.960289	-1.52949998e-02
20.980289	-1.40749998e-02
21.000290	-4.29499988e-03
21.020290	8.31000041e-03
21.040291	1.15750004e-02
21.060291	3.40000005e-03
21.080292	-4.86000022e-03
21.100292	-1.31550003e-02
21.120293	-2.10599992e-02
21.140293	-2.74299998e-02
21.160294	-3.11549995e-02
21.180294	-1.98849998e-02
21.200294	-9.12499987e-03
21.220295	-4.99999987e-05
21.240295	9.02500004e-03
21.260296	1.41249998e-02
21.280296	1.82549991e-02
21.300297	2.23350003e-02
21.320297	2.64650006e-02
21.340298	2.64650006e-02
21.360298	2.05499995e-02
21.380299	1.52449999e-02
21.400299	9.99500044e-03
21.420300	8.46500043e-03
21.440300	7.90499989e-03
21.460300	6.52500009e-03
21.480301	3.26499995e-03
21.500301	0.00000000e+00
21.520302	-3.25999991e-03
21.540302	-9.25000000e-04
21.560303	4.43500001e-03
21.580303	9.84000042e-03
21.600304	1.51950000e-02
21.620304	2.06000004e-02
21.640305	1.86100006e-02
21.660305	1.52949998e-02
21.680305	1.47850001e-02
21.700306	1.94249991e-02
21.720306	2.40649991e-02
21.740307	2.83499993e-02
21.760307	3.23249996e-02
21.780308	3.05950008e-02
21.800308	2.42199991e-02
21.820309	6.37499988e-03
21.840309	-1.29000004e-02
21.860310	-2.20800005e-02
21.880310	-3.12549993e-02
21.900311	-3.31449993e-02
21.920311	-2.61550006e-02
21.940311	-1.91699993e-02
21.960312	-1.85100008e-02
21.980312	-1.81499999e-02
22.000313	-1.78449992e-02
22.020313	-7.29000010e-03
22.040314	1.19800000e-02
22.060314	2.25900002e-02
22.080315	2.75350008e-02
22.100315	1.56049998e-02
22.120316	3.67000001e-03
22.140316	-7.13999989e-03
22.160316	-1.71850007e-02
22.180317	-2.72300001e-02
22.200317	-2.26399992e-02
22.220318	-1.53999999e-02
22.240318	-8.67000036e-03
22.260319	-2.94500007e-03
22.280319	2.79999990e-03
22.300320	2.95000005e-04
22.320320	-2.21500010e-03
22.340321	-4.71499981e-03
22.360321	-7.24000018e-03
22.380322	-5.76000009e-03
22.400322	-3.53000010e-03
22.420322	-1.32000004e-03
22.440323	8.90000025e-04
22.460323	2.12000008e-03
22.480324	4.14999988e-04
22.500324	-4.99999987e-05
22.520325	4.44999989e-03
22.540325	1.09649999e-02
22.560326	1.88650005e-02
22.580326	2.67200004e-02
22.600327	3.46199982e-02
22.620327	2.52400003e-02
22.640327	3.71999992e-03
22.660328	-5.86500019e-03
22.680328	-1.54999997e-02
22.700329	-2.36099996e-02
22.720329	-2.84499992e-02
22.740330	-2.14649998e-02
22.760330	-1.63700003e-02
22.780331	-1.54999997e-02
22.800331	-1.46350004e-02
22.820332	-1.37649998e-02
22.840332	-1.00950003e-02
22.860332	-2.03999993e-03
22.880333	8.82000010e-03
22.900333	1.97349992e-02
22.920334	1.83049999e-02
22.940334	1.52449999e-02
22.960335	1.39199998e-02
22.980335	1.25449998e-02
23.000336	1.24399997e-02
23.020336	1.51450001e-02
23.040337	1.78950001e-02
23.060337	1.94799993e-02
23.080338	1.63700003e-02
23.100338	1.20850001e-02
23.120338	1.27500005e-03
23.140339	-9.53499973e-03
23.160339	-1.10149998e-02
23.180340	-6.98499987e-03
23.200340	-6.47500018e-03
23.220341	-5.96500002e-03
23.240341	-5.45499986e-03
23.260342	-4.92500002e-03
23.280342	-4.41000005e-03
23.300343	-2.55999994e-03
23.320343	4.65499982e-03
23.340343	1.21350000e-02
23.360344	2.01399997e-02
23.380344	2.51400005e-02
23.400345	1.77950002e-02
23.420345	1.05050001e-02
23.440346	3.21500003e-03
23.460346	-3.89999989e-03
23.480347	-9.48499981e-03
23.500347	-8.82000010e-03
23.520348	-8.20999965e-03
23.540348	-6.16999995e-03
23.560349	1.60500000e-03
23.580349	9.37999971e-03
23.600349	1.71300005e-02
23.620350	1.88500003e-03
23.640350	-1.19300000e-02
23.660351	-1.74899995e-02
23.680351	-7.95499980e-03
23.700352	1.58499996e-03
23.720352	1.11149997e-02
23.740353	8.05499963e-03
23.760353	-3.95000010e-04
23.780354	-8.31000041e-03
23.800354	-1.54999997e-02
23.820354	-2.26900000e-02
23.840355	-2.87599992e-02
23.860355	-1.34600000e-02
23.880356	1.83500000e-03
23.900356	1.71300005e-02
23.920357	2.72799991e-02
23.940357	1.68750007e-02
23.960358	6.12000003e-03
23.980358	-7.49500003e-03
24.000359	-1.77950002e-02
24.020359	-9.53499973e-03
24.040359	-1.26000005e-03
24.060360	7.13999989e-03
24.080360	1.76950004e-02
24.100361	2.81949993e-02
24.120361	3.81899998e-02
24.140362	3.76299992e-02
24.160362	1.84049997e-02
24.180363	-8.14999978e-04
24.200363	-2.00399999e-02
24.220364	-3.92600000e-02
24.240364	-5.40499985e-02
24.260365	-5.60900010e-02
24.280365	-3.20699997e-02
24.300365	-7.90499989e-03
24.320366	1.62649993e-02
24.340366	4.04350013e-02
24.360367	6.47550002e-02
24.380367	5.35399988e-02
24.400368	3.40100005e-02
24.420368	1.43299997e-02
24.440369	-5.30500012e-03
24.460369	-2.49850005e-02
24.480370	-2.21299995e-02
24.500370	-1.36650000e-02
24.520370	-5.15000010e-03
24.540371	-7.59499986e-03
24.560371	-1.59099996e-02
24.580372	-2.42199991e-02
24.600372	-3.25299986e-02
24.620373	-2.85049994e-02
24.640373	-2.69750003e-02
24.660374	-2.92700008e-02
24.680374	-3.15600000e-02
24.700375	-3.07950005e-02
24.720375	-2.79399995e-02
24.740376	-1.18800001e-02
24.760376	4.14500013e-03
24.780376	1.20850001e-02
24.800377	1.65700000e-02
24.820377	1.72349997e-02
24.840378	1.78950001e-02
24.860378	2.29950007e-02
24.880379	3.28349993e-02
24.900379	3.74750011e-02
24.920380	4.02799994e-02
24.940380	4.31349985e-02
24.960381	3.46199982e-02
24.980381	1.47850001e-02
25.000381	-5.05500007e-03
25.020382	-1.87650006e-02
25.040382	-2.92150006e-02
25.060383	-2.15150006e-02
25.080383	-1.38699999e-02
25.100384	-6.16999995e-03
25.120384	-1.47850001e-02
25.140385	-2.74299998e-02
25.160385	-3.74250002e-02
25.180386	-2.38099992e-02
25.200386	-1.15250004e-02
25.220387	-1.44999998e-03
25.240387	5.49999997e-04
25.260387	1.55000004e-03
25.280388	1.22349998e-02
25.300388	2.10599992e-02
25.320389	2.35050004e-02
25.340389	2.60049999e-02
25.360390	3.49799991e-02
25.380390	3.97699997e-02
25.400391	1.64700001e-02
25.420391	-6.83500012e-03
25.440392	-2.59050000e-02
25.460392	-3.72750014e-02
25.480392	-4.13499996e-02
25.500393	-3.19700018e-02
25.520393	-2.25900002e-02
25.540394	-2.37099994e-02
25.560394	-3.05450000e-02
25.580395	-3.67650017e-02
25.600395	-4.25250009e-02
25.620396	-4.70100008e-02
25.640396	-4.99700010e-02
25.660397	-4.83400002e-02
25.680397	-4.42100018e-02
25.700397	-2.09550001e-02
25.720398	1.04550002e-02
25.740398	4.18599993e-02
25.760399	7.34250024e-02
25.780399	5.66000007e-02
25.800400	2.81949993e-02
25.820400	-3.54999996e-04
25.840401	-2.89099999e-02
25.860401	-4.58899997e-02
25.880402	-3.51850018e-02
25.900402	-1.79500002e-02
25.920403	-7.14999973e-04
25.940403	1.65199991e-02
25.960403	2.37099994e-02
25.980404	7.44500011e-03
26.000404	-8.82000010e-03
26.020405	-2.50850003e-02
26.040405	-5.35399988e-02
26.060406	-5.91499992e-02
26.080406	-5.91499992e-02
26.100407	-5.03249988e-02
26.120407	-4.12999988e-02
26.140408	-3.21750008e-02
26.160408	-2.50850003e-02
26.180408	-1.47350002e-02
26.200409	6.32499997e-03
26.220409	2.74299998e-02
26.240410	4.84899990e-02
26.260410	7.18950033e-02
26.280411	6.78149983e-02
26.300411	6.22050017e-02
26.320412	5.40499985e-02
26.340412	4.13499996e-02
26.360413	2.84499992e-02
26.380413	2.38649994e-02
26.400414	2.13149991e-02
26.420414	1.63700003e-02
26.440414	9.84000042e-03
26.460415	6.77999994e-03
26.480415	5.24999993e-03
26.500416	3.56999994e-03
26.520416	-4.99999987e-05
26.540417	-3.67000001e-03
26.560417	-3.11499997e-03
26.580418	8.59999971e-04
26.600418	3.65499989e-03
26.620419	3.07499990e-03
26.640419	1.03000004e-03
26.660419	-2.17500003e-03
26.680420	-8.87000002e-03
26.700420	-1.56049998e-02
26.720421	-2.20800005e-02
26.740421	-2.83499993e-02
26.760422	-3.02900001e-02
26.780422	-2.56999992e-02
26.800423	-1.67250000e-02
26.820423	-6.73000002e-03
26.840424	1.24000001e-03
26.860424	2.81500001e-03
26.880424	3.70500004e-03
26.900425	4.60499991e-03
26.920425	9.02500004e-03
26.940426	1.36150001e-02
26.960426	2.74499995e-03
26.980427	-6.73000002e-03
27.000427	-1.20850001e-02
27.020428	-1.43299997e-02
27.040428	-1.35100000e-02
27.060429	-9.94499959e-03
27.080429	4.99999987e-06
27.100430	5.50499978e-03
27.120430	1.08099999e-02
27.140430	1.07600000e-02
27.160431	7.13999989e-03
27.180431	3.56000010e-03
27.200432	5.15000010e-03
27.220432	8.36000033e-03
27.240433	1.02500003e-02
27.260433	1.20850001e-02
27.280434	1.36650000e-02
27.300434	1.02000004e-02
27.320435	6.77999994e-03
27.340435	7.84999970e-03
27.360435	1.26949996e-02
27.380436	1.68249998e-02
27.400436	1.81000009e-02
27.420437	2.12650001e-02
27.440437	2.41700001e-02
27.460438	1.88149996e-02
27.480438	1.32550001e-02
27.500439	4.39999998e-03
27.520439	-9.35000018e-04
27.540440	-2.09999993e-03
27.560440	4.22499981e-03
27.580441	5.76000009e-03
27.600441	7.34000001e-03
27.620441	8.92500021e-03
27.640442	1.11149997e-02
27.660442	1.60099994e-02
27.680443	2.08550002e-02
27.700443	2.53400002e-02
27.720444	2.19749995e-02
27.740444	1.86100006e-02
27.760445	1.42249996e-02
27.780445	9.68999974e-03
27.800446	2.88999989e-03
27.820446	-6.12000003e-03
27.840446	-1.46350004e-02
27.860447	-1.85100008e-02
27.880447	-1.90200005e-02
27.900448	-1.55499997e-02
27.920448	-6.83500012e-03
27.940449	2.52999994e-03
27.960449	7.08999997e-03
27.980450	1.16750002e-02
28.000450	1.37649998e-02
28.020451	8.51500034e-03
28.040451	3.70000000e-03
28.060452	-1.34999995e-04
28.080452	-3.96500016e-03
28.100452	-8.92500021e-03
28.120453	-1.40199997e-02
28.140453	-1.79500002e-02
28.160454	-1.83049999e-02
28.180454	-1.08099999e-02
28.200455	-2.37999996e-03
28.220455	6.93499995e-03
28.240456	1.62649993e-02
28.260456	1.48400003e-02
28.280457	7.65000004e-03
28.300457	4.14999988e-04
28.320457	-6.83500012e-03
28.340458	-1.40199997e-02
28.360458	-1.49400001e-02
28.380459	-8.10499955e-03
28.400459	-4.42499993e-03
28.420460	-1.51500001e-03
28.440460	1.13999995e-03
28.460461	1.59000000e-03
28.480461	2.03499990e-03
28.500462	2.48000002e-03
28.520462	4.20999993e-03
28.540462	7.24000018e-03
28.560463	9.53499973e-03
28.580463	5.30500012e-03
28.600464	1.10500003e-03
28.620464	-5.30000019e-04
28.640465	5.55999996e-03
28.660465	1.16250003e-02
28.680466	1.77449994e-02
28.700466	2.13649999e-02
28.720467	1.51950000e-02
28.740467	9.02500004e-03
28.760468	2.38500000e-03
28.780468	-6.16999995e-03
28.800468	-1.47350002e-02
28.820469	-1.99350007e-02
28.840469	-2.15700008e-02
28.860470	-1.99900009e-02
28.880470	-1.81000009e-02
28.900471	-1.08599998e-02
28.920471	-5.65999979e-03
28.940472	-3.35999997e-03
28.960472	-3.39999999e-04
28.980473	3.17499996e-03
29.000473	6.68000011e-03
29.020473	7.49500003e-03
29.040474	6.47500018e-03
29.060474	5.45499986e-03
29.080475	4.45500016e-03
29.100475	6.26999978e-03
29.120476	9.94499959e-03
29.140476	1.36150001e-02
29.160477	1.73349995e-02
29.180477	1.99350007e-02
29.200478	1.65700000e-02
29.220478	1.32050002e-02
29.240479	2.08500004e-03
29.260479	-5.65999979e-03
29.280479	-9.84000042e-03
29.300480	-1.40199997e-02
29.320480	-1.13700004e-02
29.340481	-8.31000041e-03
29.360481	-5.24999993e-03
29.380482	-6.42499980e-03
29.400482	-9.37999971e-03
29.420483	-1.23399999e-02
29.440483	-9.18000005e-03
29.460484	-3.34000005e-03
29.480484	2.49499991e-03
29.500484	6.88500004e-03
29.520485	3.22500011e-03
29.540485	-4.49999992e-04
29.560486	-4.12499998e-03
29.580486	-5.81499981e-03
29.600487	-2.88999989e-03
29.620487	3.99999990e-05
29.640488	2.97000003e-03
29.660488	5.76000009e-03
29.680489	5.91500010e-03
29.700489	6.12000003e-03
29.720490	6.26999978e-03
29.740490	8.25999957e-03
29.760490	1.03500001e-02
29.780491	7.49500003e-03
29.800491	1.37499999e-03
29.820492	-2.62499996e-03
29.840492	-6.12000003e-03
29.860493	-9.58499964e-03
29.880493	-1.09099997e-02
29.900494	-9.12499987e-03
29.920494	-7.29000010e-03
29.940495	-5.45499986e-03
29.960495	-5.71000017e-03
29.980495	-7.29000010e-03
30.000496	-7.44500011e-03
30.020496	-6.16999995e-03
30.040497	-4.88999998e-03
30.060497	-3.60499998e-03
30.080498	6.90000015e-04
30.100498	3.00000003e-03
30.120499	4.39500017e-03
30.140499	7.74999987e-03
30.160500	1.48400003e-02
30.180500	2.15700008e-02
30.200500	2.63100006e-02
30.220501	2.62100007e-02
30.240501	2.13149991e-02
30.260502	1.64199993e-02
30.280502	7.49500003e-03
30.300503	-1.65999995e-03
30.320503	-7.34000001e-03
30.340504	-8.51500034e-03
30.360504	-8.97500012e-03
30.380505	-9.48499981e-03
30.400505	-1.21849999e-02
30.420506	-1.58600006e-02
30.440506	-1.83550008e-02
30.460506	-1.41249998e-02
30.480507	-9.78999957e-03
30.500507	-3.26499995e-03
30.520508	3.25000007e-03
30.540508	9.73999966e-03
30.560509	1.23399999e-02
30.580509	1.48900002e-02
30.600510	1.54999997e-02
30.620510	1.23899998e-02
30.640511	9.32999980e-03
30.660511	6.26999978e-03
30.680511	5.91500010e-03
30.700512	6.52500009e-03
30.720512	5.15000010e-03
30.740513	1.90999999e-03
30.760513	-1.34500000e-03
30.780514	-3.83000006e-03
30.800514	-3.22999991e-03
30.820515	-2.61999993e-03
30.840515	-2.21500010e-03
30.860516	-5.45499986e-03
30.880516	-8.72000027e-03
30.900517	-1.19300000e-02
30.920517	-1.51950000e-02
30.940517	-1.61649995e-02
30.960518	-1.36150001e-02
30.980518	-1.10649997e-02
31.000519	-8.56500026e-03
31.020519	-8.61500017e-03
31.040520	-1.12699997e-02
31.060520	-1.39199998e-02
31.080521	-1.65700000e-02
31.100521	-1.18800001e-02
31.120522	-6.32499997e-03
31.140522	7.14999973e-04
31.160522	7.84999970e-03
31.180523	1.49400001e-02
31.200523	1.94799993e-02
31.220524	1.36150001e-02
31.240524	7.74999987e-03
31.260525	1.88500003e-03
31.280525	-2.54000002e-03
31.300526	1.21000002e-03
31.320526	4.94999997e-03
31.340527	6.83500012e-03
31.360527	7.44500011e-03
31.380527	7.03499978e-03
31.400528	5.55999996e-03
31.420528	4.12499998e-03
31.440529	1.42500002e-03
31.460529	-1.33999996e-03
31.480530	-4.10499983e-03
31.500530	-7.39500020e-03
31.520531	-1.15750004e-02
31.540531	-1.57549996e-02
31.560532	-1.79999992e-02
31.580532	-1.72850005e-02
31.600533	-1.23899998e-02
31.620533	-5.30500012e-03
31.640533	2.89999996e-04
31.660534	1.24000001e-03
31.680534	2.18500011e-03
31.700535	3.40000005e-03
31.720535	5.65999979e-03
31.740536	7.90499989e-03
31.760536	7.03499978e-03
31.780537	3.64000001e-03
31.800537	2.50000012e-04
31.820538	-3.95000010e-04
31.840538	-1.19999997e-04
31.860538	-2.39999994e-04
31.880539	-1.94500003e-03
31.900539	-3.64000001e-03
31.920540	-4.50500008e-03
31.940540	-5.02000004e-03
31.960541	-6.07000012e-03
31.980541	-7.39500020e-03
32.000542	-8.67000036e-03
32.020542	-9.99500044e-03
32.040543	-1.24399997e-02
32.060543	-1.58050004e-02
32.080544	-1.59600005e-02
32.100544	-1.29000004e-02
32.120544	-6.88500004e-03
32.140545	9.99999975e-05
32.160545	1.44000002e-03
32.180546	1.78000005e-03
32.200546	2.34499993e-03
32.220547	3.83500010e-03
32.240547	3.47499992e-03
32.260548	8.75000027e-04
32.280548	-1.73000002e-03
32.300549	-4.56999987e-03
32.320549	-7.59499986e-03
32.340549	-1.06549999e-02
32.360550	-8.92500021e-03
32.380550	-4.71499981e-03
32.400551	-1.11499999e-03
32.420551	1.00000005e-03
32.440552	3.11499997e-03
32.460552	5.24999993e-03
32.480553	4.43000020e-03
32.500553	2.90500000e-03
32.520554	1.37499999e-03
32.540554	5.90000011e-04
32.560555	-7.00000019e-05
32.580555	-2.45000003e-04
32.600555	7.00000019e-05
32.620556	3.80000012e-04
32.640556	5.00000024e-04
32.660557	1.59999996e-04
32.680557	-1.80000003e-04
32.700558	-5.15000022e-04
32.720558	-2.31499993e-03
32.740559	-4.28499980e-03
32.760559	-6.21999986e-03
32.780560	-8.20999965e-03
32.800560	-7.44500011e-03
32.820560	-5.91500010e-03
32.840561	-3.37500009e-03
32.860561	-8.29999975e-04
32.880562	1.71999994e-03
32.900562	4.26500011e-03
32.920563	5.76000009e-03
32.940563	3.10499989e-03
32.960564	4.45000012e-04
32.980564	-1.76999997e-03
33.000565	-2.64999992e-03
33.020565	-3.53000010e-03
33.040565	-3.23999999e-03
33.060566	-2.55499990e-03
33.080566	-1.38999999e-03
33.100567	-1.50000007e-04
33.120567	1.09000003e-03
33.140568	1.64999999e-03
33.160568	9.50000016e-04
33.180569	2.45000003e-04
33.200569	-9.00000014e-05
33.220570	4.40000003e-04
33.240570	9.69999994e-04
33.260571	1.50000001e-03
33.280571	1.93000003e-03
33.300571	5.79999993e-04
33.320572	-7.69999984e-04
33.340572	-2.12500012e-03
33.360573	-3.47499992e-03
33.380573	-3.65999993e-03
33.400574	-3.21000000e-03
33.420574	-1.07999996e-03
33.440575	1.61000004e-03
33.460575	4.30000015e-03
33.480576	3.62000009e-03
33.500576	2.93500000e-03
33.520576	4.51999996e-03
33.540577	7.29000010e-03
33.560577	1.00950003e-02
33.580578	6.93499995e-03
33.600578	3.76500003e-03
33.620579	1.47000002e-03
33.640579	7.99999980e-04
33.660580	1.34999995e-04
33.680580	-5.34999999e-04
33.700581	-1.46499998e-03
33.720581	-3.89000005e-03
33.740582	-6.32499997e-03
33.760582	-4.87999991e-03
33.780582	-2.47499999e-03
33.800583	-7.00000019e-05
33.820583	1.35499996e-03
33.840584	1.59500004e-03
33.860584	1.83500000e-03
33.880585	2.07499997e-03
33.900585	2.43499991e-03
33.920586	5.20000001e-03
33.940586	6.37499988e-03
33.960587	5.60999988e-03
33.980587	4.81500011e-03
34.000587	4.02500015e-03
34.020588	3.22999991e-03
34.040588	4.75999992e-03
34.060589	6.57999981e-03
34.080589	8.36000033e-03
34.100590	7.74999987e-03
34.120590	6.52500009e-03
34.140591	5.35500003e-03
34.160591	5.10000018e-03
34.180592	4.85000014e-03
34.200592	4.60000010e-03
34.220592	3.75999999e-03
34.240593	5.54999977e-04
34.260593	-2.64499988e-03
34.280594	-5.60999988e-03
34.300594	-7.90499989e-03
34.320595	-1.01450002e-02
34.340595	-9.84000042e-03
34.360596	-7.79999979e-03
34.380596	-5.76000009e-03
34.400597	-3.72499996e-03
34.420597	-1.35999999e-03
34.440598	2.31999997e-03
34.460598	5.55999996e-03
34.480598	6.16999995e-03
34.500599	6.77999994e-03
34.520599	7.49500003e-03
34.540600	1.02000004e-02
34.560600	1.29000004e-02
34.580601	1.47850001e-02
34.600601	1.18800001e-02
34.620602	9.02500004e-03
34.640602	6.16999995e-03
34.660603	3.15000000e-03
34.680603	1.50000007e-04
34.700603	-2.85000005e-03
34.720604	-5.15000010e-03
34.740604	-7.34000001e-03
34.760605	-9.53499973e-03
34.780605	-1.17300004e-02
34.800606	-1.39199998e-02
34.820606	-1.36650000e-02
34.840607	-1.24399997e-02
34.860607	-9.68999974e-03
34.880608	-6.88500004e-03
34.900608	-4.08999994e-03
34.920609	1.20000006e-03
34.940609	6.63000019e-03
34.960609	1.06050000e-02
34.980610	1.28499996e-02
35.000610	1.30000003e-02
35.020611	1.23399999e-02
35.040611	1.16750002e-02
35.060612	9.37999971e-03
35.080612	6.93499995e-03
35.100613	4.44999989e-03
35.120613	1.00499997e-03
35.140614	-2.34999997e-03
35.160614	-4.83499980e-03
35.180614	-5.60999988e-03
35.200615	-5.50499978e-03
35.220615	-5.40499995e-03
35.240616	-5.30500012e-03
35.260616	-6.77999994e-03
35.280617	-7.03499978e-03
35.300617	-5.76000009e-03
35.320618	-4.41499986e-03
35.340618	-1.82000000e-03
35.360619	8.44999973e-04
35.380619	3.50999995e-03
35.400620	6.16999995e-03
35.420620	8.82000010e-03
35.440620	1.06549999e-02
35.460621	7.84999970e-03
35.480621	4.98500001e-03
35.500622	2.14500003e-03
35.520622	1.33500004e-03
35.540623	1.62500003e-03
35.560623	1.91500003e-03
35.580624	2.21000006e-03
35.600624	1.88999996e-03
35.620625	9.74999974e-04
35.640625	6.35000004e-04
35.660625	5.49999997e-04
35.680626	4.64999990e-04
35.700626	3.75000003e-04
35.720627	2.89999996e-04
35.740627	-1.07000000e-03
35.760628	-3.47499992e-03
35.780628	-5.86500019e-03
35.800629	-6.12000003e-03
35.820629	-3.75499995e-03
35.840630	-1.37499999e-03
35.860630	1.00000005e-03
35.880630	3.37500009e-03
35.900631	4.74999985e-03
35.920631	4.63500014e-03
35.940632	4.51500015e-03
35.960632	4.39500017e-03
35.980633	4.27500019e-03
36.000633	2.81500001e-03
36.020634	1.02500001e-03
36.040634	-7.69999984e-04
36.060635	-2.55999994e-03
36.080635	-2.36999989e-03
36.100636	-2.07499997e-03
36.120636	-1.78499997e-03
36.140636	-2.09000008e-03
36.160637	-2.89499993e-03
36.180637	-3.69499996e-03
36.200638	-4.49500000e-03
36.220638	-4.97000013e-03
36.240639	-4.44999989e-03
36.260639	-3.92499985e-03
36.280640	-3.40500008e-03
36.300640	-3.80500010e-03
36.320641	-4.60000010e-03
36.340641	-5.40499995e-03
36.360641	-6.16999995e-03
36.380642	-5.35500003e-03
36.400642	-4.25999984e-03
36.420643	-3.15500004e-03
36.440643	-3.02499998e-03
36.460644	-4.07999987e-03
36.480644	-5.15000010e-03
36.500645	-6.16999995e-03
36.520645	-7.24000018e-03
36.540646	-6.32499997e-03
36.560646	-4.55000019e-03
36.580647	-2.79500009e-03
36.600647	-1.09000003e-03
36.620647	6.09999988e-04
36.640648	1.84000004e-03
36.660648	2.95000011e-03
36.680649	4.06499999e-03
36.700649	5.40499995e-03
36.720650	7.49500003e-03
36.740650	9.53499973e-03
36.760651	1.15250004e-02
36.780651	1.28499996e-02
36.800652	1.35100000e-02
36.820652	1.38699999e-02
36.840652	1.42249996e-02
36.860653	1.40749998e-02
36.880653	1.35100000e-02
36.900654	1.30000003e-02
36.920654	1.24399997e-02
36.940655	1.13700004e-02
36.960655	8.97500012e-03
36.980656	6.57999981e-03
37.000656	5.03000012e-03
37.020657	4.84000007e-03
37.040657	4.65000002e-03
37.060658	4.45999997e-03
37.080658	3.62499990e-03
37.100658	2.75500002e-03
37.120659	1.88000000e-03
37.140659	1.01000001e-03
37.160660	-7.24999991e-04
37.180660	-2.29500001e-03
37.200661	-2.60000001e-03
37.220661	-2.81500001e-03
37.240662	-2.64499988e-03
37.260662	-2.48000002e-03
37.280663	-2.30999989e-03
37.300663	-2.14000000e-03
37.320663	-1.97499990e-03
37.340664	-2.43499991e-03
37.360664	-3.41499993e-03
37.380665	-4.48000012e-03
37.400665	-5.76000009e-03
37.420666	-7.03499978e-03
37.440666	-8.31000041e-03
37.460667	-9.53499973e-03
37.480667	-9.48499981e-03
37.500668	-8.97500012e-03
37.520668	-8.46500043e-03
37.540668	-7.95499980e-03
37.560669	-6.32499997e-03
37.580669	-4.08999994e-03
37.600670	-2.09999993e-03
37.620670	-5.34999999e-04
37.640671	-8.95000005e-04
37.660671	-1.59500004e-03
37.680672	-2.29500001e-03
37.700672	-2.99499999e-03
37.720673	-3.69499996e-03
37.740673	-4.87999991e-03
37.760674	-6.16999995e-03
37.780674	-7.44500011e-03
37.800674	-7.95499980e-03
37.820675	-7.08999997e-03
37.840675	-6.26999978e-03
37.860676	-6.47500018e-03
37.880676	-6.73000002e-03
37.900677	-6.93499995e-03
37.920677	-7.18999980e-03
37.940678	-6.16999995e-03
37.960678	-4.55499999e-03
37.980679	-2.89999996e-03
38.000679	-1.24999997e-03
38.020679	-5.39999979e-04
38.040680	1.65000005e-04
38.060680	8.75000027e-04
38.080681	6.90000015e-04
38.100681	-8.39999993e-04
38.120682	-2.36999989e-03
38.140682	-3.89999989e-03
38.160683	-5.45499986e-03
38.180683	-6.98499987e-03
38.200684	-6.32499997e-03
38.220684	-3.92000005e-03
38.240685	-1.50999997e-03
38.260685	8.95000005e-04
38.280685	3.30500002e-03
38.300686	5.07500023e-03
38.320686	3.23499995e-03
38.340687	1.38999999e-03
38.360687	-4.49999992e-04
38.380688	-1.15499995e-03
38.400688	-1.38499995e-03
38.420689	-1.61000004e-03
38.440689	-1.83500000e-03
38.460690	-2.50499998e-03
38.480690	-3.61000001e-03
38.500690	-4.72000008e-03
38.520691	-5.81499981e-03
38.540691	-6.93499995e-03
38.560692	-7.54499994e-03
38.580692	-7.44500011e-03
38.600693	-7.34000001e-03
38.620693	-7.24000018e-03
38.640694	-7.13999989e-03
38.660694	-6.47500018e-03
38.680695	-2.69500003e-03
38.700695	1.08500000e-03
38.720695	3.17499996e-03
38.740696	4.14500013e-03
38.760696	5.10000018e-03
38.780697	7.24000018e-03
38.800697	9.68999974e-03
38.820698	9.89000034e-03
38.840698	9.18000005e-03
38.860699	8.46500043e-03
38.880699	7.74999987e-03
38.900700	7.03499978e-03
38.920700	6.32499997e-03
38.940701	6.01499993e-03
38.960701	5.86500019e-03
38.980701	5.71000017e-03
39.000702	5.55999996e-03
39.020702	5.40499995e-03
39.040703	3.58000002e-03
39.060703	1.22500001e-03
39.080704	-8.59999971e-04
39.100704	-4.60000010e-04
39.120705	-5.50000004e-05
39.140705	3.45000008e-04
39.160706	7.50000007e-04
39.180706	4.45000012e-04
39.200706	-5.64999995e-04
39.220707	-1.58000004e-03
39.240707	-2.58999993e-03
39.260708	-3.28000006e-03
39.280708	-2.67000007e-03
39.300709	-1.90000003e-03
39.320709	-1.00000005e-03
39.340710	-9.50000031e-05
39.360710	8.05000018e-04
39.380711	1.05500000e-03
39.400711	3.25000001e-04
39.420712	-4.04999999e-04
39.440712	-1.12999999e-03
39.460712	-1.86500000e-03
39.480713	-2.59499997e-03
39.500713	-3.11499997e-03
39.520714	-3.53000010e-03
39.540714	-3.94000020e-03
39.560715	-4.35499987e-03
39.580715	-4.76500019e-03
39.600716	-6.21999986e-03
39.620716	-8.56500026e-03
39.640717	-8.51500034e-03
39.660717	-6.21999986e-03
39.680717	-3.86500009e-03
39.700718	-2.16999999e-03
39.720718	-5.05000004e-04
39.740719	1.15499995e-03
39.760719	2.82000005e-03
39.780720	4.48499992e-03
39.800720	4.79499996e-03
39.820721	4.19500005e-03
39.840721	3.59999994e-03
39.860722	2.58499989e-03
39.880722	1.44000002e-03
39.900723	2.20000002e-04
39.920723	-1.56500004e-03
39.940723	-3.34999990e-03
39.960724	-2.84500001e-03
39.980724	-2.33999989e-03
40.000725	-1.82999996e-03
40.020725	-1.32499996e-03
40.040726	-8.20000016e-04
40.060726	-3.15000012e-04
40.080727	1.95000001e-04
40.100727	6.99999975e-04
40.120728	-3.50000009e-05
40.140728	-9.10000002e-04
40.160728	-1.78000005e-03
40.180729	-1.64499995e-03
40.200729	-1.18000002e-03
40.220730	-8.95000005e-04
40.240730	-1.38999999e-03
40.260731	-1.88500003e-03
40.280731	-2.37999996e-03
40.300732	-2.87500001e-03
40.320732	-1.72499998e-03
40.340733	-2.80000007e-04
40.360733	1.16999994e-03
40.380733	2.61999993e-03
40.400734	4.08500014e-03
40.420734	5.55999996e-03
40.440735	5.71000017e-03
40.460735	4.77499980e-03
40.480736	3.85500002e-03
40.500736	3.20499996e-03
40.520737	2.98000011e-03
40.540737	2.74999999e-03
40.560738	2.43499991e-03
40.580738	1.97499990e-03
40.600739	1.50500005e-03
40.620739	1.04000000e-03
40.640739	5.75000013e-04
40.660740	1.10000001e-04
40.680740	-3.54999996e-04
40.700741	-8.20000016e-04
40.720741	-1.28500001e-03
40.740742	-6.79999997e-04
40.760742	5.15000022e-04
40.780743	1.70999998e-03
40.800743	2.89499993e-03
40.820744	4.08999994e-03
40.840744	5.30500012e-03
40.860744	6.32499997e-03
40.880745	7.34000001e-03
40.900745	8.25999957e-03
40.920746	8.72000027e-03
40.940746	9.12499987e-03
40.960747	9.58499964e-03
40.980747	1.00450004e-02
41.000748	1.05050001e-02
41.020748	1.03000002e-02
41.040749	8.87000002e-03
41.060749	7.39500020e-03
41.080750	3.89999989e-03
41.100750	4.25000006e-04
41.120750	-1.26000005e-03
41.140751	-2.85000005e-03
41.160751	-4.43999982e-03
41.180752	-4.92000021e-03
41.200752	-5.24999993e-03
41.220753	-5.24999993e-03
41.240753	-4.44500009e-03
41.260754	-3.62499990e-03
41.280754	-2.11500004e-03
41.300755	-6.00000028e-04
41.320755	9.10000002e-04
41.340755	2.41500000e-03
41.360756	2.77999998e-03
41.380756	1.00000005e-03
41.400757	-7.80000002e-04
41.420757	-1.88500003e-03
41.440758	-2.63500004e-03
41.460758	-3.01000010e-03
41.480759	-3.16999992e-03
41.500759	-3.34000005e-03
41.520760	-3.50499991e-03
41.540760	-3.67000001e-03
41.560760	-3.83500010e-03
41.580761	-4.00500000e-03
41.600761	-4.16499982e-03
41.620762	-3.99000011e-03
41.640762	-3.73000000e-03
41.660763	-3.47000011e-03
41.680763	-3.21000000e-03
41.700764	-2.95000011e-03
41.720764	-2.68999999e-03
41.740765	-3.00000003e-03
41.760765	-4.00500000e-03
41.780766	-4.99999989e-03
41.800766	-5.96500002e-03
41.820766	-6.57999981e-03
41.840767	-7.18999980e-03
41.860767	-7.13999989e-03
41.880768	-6.57999981e-03
41.900768	-6.01499993e-03
41.920769	-5.50499978e-03
41.940769	-4.76500019e-03
41.960770	-3.94999981e-03
41.980770	-3.13499989e-03
42.000771	-2.31499993e-03
42.020771	-1.50000001e-03
42.040771	-6.84999977e-04
42.060772	-2.30000005e-04
42.080772	-4.55000001e-04
42.100773	-6.84999977e-04
42.120773	-1.10500003e-03
42.140774	-2.13499996e-03
42.160774	-2.89499993e-03
42.180775	-3.32999998e-03
42.200775	-3.76500003e-03
42.220776	-4.19999985e-03
42.240776	-4.63500014e-03
42.260777	-5.06999996e-03
42.280777	-5.10000018e-03
42.300777	-4.97000013e-03
42.320778	-4.84000007e-03
42.340778	-2.48500006e-03
42.360779	7.99999980e-05
42.380779	3.95000010e-04
42.400780	7.09999993e-04
42.420780	1.02500001e-03
42.440781	1.33500004e-03
42.460781	2.08500004e-03
42.480782	2.94500007e-03
42.500782	3.80999991e-03
42.520782	4.66499990e-03
42.540783	5.50499978e-03
42.560783	6.37499988e-03
42.580784	5.71000017e-03
42.600784	4.52500023e-03
42.620785	3.33500002e-03
42.640785	2.15000007e-03
42.660786	9.65000014e-04
42.680786	2.24999996e-04
42.700787	1.59999996e-04
42.720787	9.00000014e-05
42.740788	2.49999994e-05
42.760788	-3.15000012e-04
42.780788	-8.39999993e-04
42.800789	-1.36500003e-03
42.820789	-1.89499999e-03
42.840790	-2.42000003e-03
42.860790	-2.49999994e-03
42.880791	-2.49999994e-03
42.900791	-1.24500005e-03
42.920792	7.99999980e-05
42.940792	1.40499999e-03
42.960793	2.31999997e-03
42.980793	2.61499989e-03
43.000793	2.91500008e-03
43.020794	3.21000000e-03
43.040794	3.50999995e-03
43.060795	3.80999991e-03
43.080795	3.81999998e-03
43.100796	3.30500002e-03
43.120796	1.76000001e-03
43.140797	-2.24999996e-04
43.160797	-2.21500010e-03
43.180798	-3.85500002e-03
43.200798	-3.56000010e-03
43.220798	-3.26499995e-03
43.240799	-2.97000003e-03
43.260799	-2.69500003e-03
43.280800	-2.43499991e-03
43.300800	-2.18000007e-03
43.320801	-1.92499999e-03
43.340801	-5.54999977e-04
43.360802	9.35000018e-04
43.380802	2.42500007e-03
43.400803	2.36500008e-03
43.420803	1.78499997e-03
43.440804	1.20499998e-03
43.460804	6.20000006e-04
43.480804	4.50000007e-05
43.500805	-4.29999985e-04
43.520805	-2.84999987e-04
43.540806	-1.40000004e-04
43.560806	4.99999987e-06
43.580807	1.50000007e-04
43.600807	1.74999994e-04
43.620808	-8.49999997e-05
43.640808	-3.39999999e-04
43.660809	-5.94999990e-04
43.680809	-3.10000003e-04
43.700809	1.10000001e-04
43.720810	5.34999999e-04
43.740810	9.59999976e-04
43.760811	1.37499999e-03
43.780811	1.30999996e-03
43.800812	1.21999998e-03
43.820812	1.12000003e-03
43.840813	1.03000004e-03
43.860813	9.35000018e-04
43.880814	9.39999998e-04
43.900814	1.79500005e-03
43.920815	2.65499996e-03
43.940815	3.52000003e-03
43.960815	4.23000008e-03
43.980816	4.12499998e-03
44.000816	4.01500007e-03
44.020817	3.90499993e-03
44.040817	2.67000007e-03
44.060818	1.38000003e-03
44.080818	8.49999997e-05
44.100819	-1.21000002e-03
44.120819	-1.35999999e-03
44.140820	-1.31500000e-03
44.160820	-1.26499997e-03
44.180820	-1.21999998e-03
44.200821	-1.59500004e-03
44.220821	-2.25499994e-03
44.240822	-2.84500001e-03
44.260822	-2.78500002e-03
44.280823	-2.72500003e-03
44.300823	-2.66500004e-03
44.320824	-2.60500005e-03
44.340824	-2.62499996e-03
44.360825	-3.39500001e-03
44.380825	-4.16000001e-03
44.400826	-4.92999982e-03
44.420826	-5.30500012e-03
44.440826	-5.20000001e-03
44.460827	-5.08000003e-03
44.480827	-4.96499985e-03
44.500828	-4.85499995e-03
44.520828	-4.73999977e-03
44.540829	-4.62999986e-03
44.560829	-4.51999996e-03
44.580830	-4.40499978e-03
44.600830	-4.29499988e-03
44.620831	-4.18499997e-03
44.640831	-3.57499998e-03
44.660831	-2.75500002e-03
44.680832	-1.93000003e-03
44.700832	-1.89499999e-03
44.720833	-1.94999995e-03
44.740833	-2.00499990e-03
44.760834	-2.05500005e-03
44.780834	-2.00499990e-03
44.800835	-1.36999995e-03
44.820835	-8.95000005e-04
44.840836	-8.84999987e-04
44.860836	-8.75000027e-04
44.880836	-8.59999971e-04
44.900837	-8.50000011e-04
44.920837	-3.84999992e-04
44.940838	1.95000001e-04
44.960838	7.75000022e-04
44.980839	1.07500004e-03
45.000839	1.24999997e-03
45.020840	1.42999995e-03
45.040840	1.59999996e-03
45.060841	2.05000001e-03
45.080841	2.82000005e-03
45.100842	3.59499990e-03
45.120842	4.37000021e-03
45.140842	5.15000010e-03
45.160843	5.91500010e-03
45.180843	6.68000011e-03
45.200844	7.44500011e-03
45.220844	6.37499988e-03
45.240845	5.15000010e-03
45.260845	3.94500000e-03
45.280846	3.06000002e-03
45.300846	2.91500008e-03
45.320847	2.77999998e-03
45.340847	2.64000008e-03
45.360847	2.49999994e-03
45.380848	2.36000004e-03
45.400848	2.21999991e-03
45.420849	2.08000001e-03
45.440849	1.93999999e-03
45.460850	1.79999997e-03
45.480850	1.44000002e-03
45.500851	1.07000000e-03
45.520851	5.20000001e-04
45.540852	-5.90000011e-04
45.560852	-1.70000002e-03
45.580853	-2.71499995e-03
45.600853	-2.82999990e-03
45.620853	-2.95000011e-03
45.640854	-3.07000009e-03
45.660854	-3.18500004e-03
45.680855	-4.24499996e-03
45.700855	-5.40499995e-03
45.720856	-4.97499993e-03
45.740856	-4.01500007e-03
45.760857	-3.04499990e-03
45.780857	-2.08000001e-03
45.800858	-1.53500005e-03
45.820858	-1.62000000e-03
45.840858	-1.70999998e-03
45.860859	-1.79500005e-03
45.880859	-1.09000003e-03
45.900860	-3.45000008e-04
45.920860	2.69999990e-04
45.940861	3.80000012e-04
45.960861	4.90000006e-04
45.980862	5.94999990e-04
46.000862	7.95000000e-04
46.020863	2.73500010e-03
46.040863	4.67000017e-03
46.060863	5.20000001e-03
46.080864	5.15000010e-03
46.100864	5.15000010e-03
46.120865	4.91000013e-03
46.140865	4.37000021e-03
46.160866	3.83000006e-03
46.180866	3.41999996e-03
46.200867	3.32499994e-03
46.220867	3.22999991e-03
46.240868	3.13499989e-03
46.260868	3.04000010e-03
46.280869	2.12000008e-03
46.300869	6.54999982e-04
46.320869	-8.14999978e-04
46.340870	-2.28499994e-03
46.360870	-3.74999992e-03
46.380871	-5.20000001e-03
46.400871	-5.24999993e-03
46.420872	-3.89500009e-03
46.440872	-2.52999994e-03
46.460873	-1.15499995e-03
46.480873	2.09999998e-04
46.500874	1.58000004e-03
46.520874	1.77500001e-03
46.540874	1.90000003e-03
46.560875	2.03499990e-03
46.580875	2.15999992e-03
46.600876	2.28999997e-03
46.620876	2.42000003e-03
46.640877	2.55000009e-03
46.660877	2.67500011e-03
46.680878	2.32500001e-03
46.700878	1.38499995e-03
46.720879	4.45000012e-04
46.740879	-4.94999986e-04
46.760880	-1.23499997e-03
46.780880	-1.36999995e-03
46.800880	-1.50999997e-03
46.820881	-1.64499995e-03
46.840881	-1.94500003e-03
46.860882	-2.72500003e-03
46.880882	-3.50000011e-03
46.900883	-4.27999999e-03
46.920883	-5.05999988e-03
46.940884	-5.35500003e-03
46.960884	-5.50499978e-03
46.980885	-5.60999988e-03
47.000885	-5.76000009e-03
47.020885	-5.91500010e-03
47.040886	-5.71000017e-03
47.060886	-5.40499995e-03
47.080887	-5.06999996e-03
47.100887	-4.73499997e-03
47.120888	-4.41000005e-03
47.140888	-4.06499999e-03
47.160889	-3.62499990e-03
47.180889	-3.18500004e-03
47.200890	-2.74999999e-03
47.220890	-2.30999989e-03
47.240891	-1.92499999e-03
47.260891	-1.68999995e-03
47.280891	-1.44999998e-03
47.300892	-1.21000002e-03
47.320892	-9.65000014e-04
47.340893	-7.24999991e-04
47.360893	-4.84999997e-04
47.380894	-6.09999988e-04
47.400894	-9.44999978e-04
47.420895	-1.27000001e-03
47.440895	-1.59999996e-03
47.460896	-1.01999997e-03
47.480896	-2.80000007e-04
47.500896	4.64999990e-04
47.520897	1.20499998e-03
47.540897	1.94999995e-03
47.560898	2.63000000e-03
47.580898	2.28499994e-03
47.600899	1.93000003e-03
47.620899	1.58000004e-03
47.640900	1.12499995e-03
47.660900	2.69999990e-04
47.680901	-5.84999972e-04
47.700901	-1.21999998e-03
47.720901	-1.50999997e-03
47.740902	-1.79999997e-03
47.760902	-3.13000008e-03
47.780903	-4.45500016e-03
47.800903	-5.76000009e-03
47.820904	-6.26999978e-03
47.840904	-5.15000010e-03
47.860905	-4.03500022e-03
47.880905	-2.91500008e-03
47.900906	-1.79999997e-03
47.920906	-6.90000015e-04
47.940907	4.25000006e-04
47.960907	9.50000016e-04
47.980907	1.32499996e-03
48.000908	1.70000002e-03
48.020908	2.89499993e-03
48.040909	4.08999994e-03
48.060909	4.25500004e-03
48.080910	4.35499987e-03
48.100910	4.45999997e-03
48.120911	4.56999987e-03
48.140911	4.67499997e-03
48.160912	4.78000008e-03
48.180912	4.88500018e-03
48.200912	4.71000001e-03
48.220913	4.48000012e-03
48.240913	4.25999984e-03
48.260914	4.03500022e-03
48.280914	4.11000010e-03
48.300915	4.23499988e-03
48.320915	4.36499994e-03
48.340916	4.49500000e-03
48.360916	4.62500006e-03
48.380917	4.27500019e-03
48.400917	3.80500010e-03
48.420918	3.33500002e-03
48.440918	3.04999994e-03
48.460918	3.04000010e-03
48.480919	3.03500006e-03
48.500919	3.02499998e-03
48.520920	3.01499991e-03
48.540920	3.01000010e-03
48.560921	2.98499991e-03
48.580921	2.60500005e-03
48.600922	2.23500002e-03
48.620922	1.85500004e-03
48.640923	1.47500006e-03
48.660923	9.14999982e-04
48.680923	3.54999996e-04
48.700924	-1.99999995e-04
48.720924	-7.60000024e-04
48.740925	-1.31500000e-03
48.760925	-1.02500001e-03
48.780926	-5.79999993e-04
48.800926	-1.34999995e-04
48.820927	3.04999994e-04
48.840927	2.35000000e-04
48.860928	-4.69999999e-04
48.880928	-1.17499998e-03
48.900928	-1.20499998e-03
48.920929	-1.01500005e-03
48.940929	-8.20000016e-04
48.960930	-6.24999986e-04
48.980930	-4.34999994e-04
49.000931	-3.99999990e-04
49.020931	-7.24999991e-04
49.040932	-1.04999996e-03
49.060932	-1.37499999e-03
49.080933	-1.70000002e-03
49.100933	-1.07500004e-03
49.120934	-4.45000012e-04
49.140934	1.80000003e-04
49.160934	8.05000018e-04
49.180935	1.01500005e-03
49.200935	7.09999993e-04
49.220936	4.04999999e-04
49.240936	4.60000010e-04
49.260937	7.09999993e-04
49.280937	9.54999996e-04
49.300938	1.20000006e-03
49.320938	1.04999996e-03
49.340939	7.99999980e-04
49.360939	5.49999997e-04
49.380939	1.10500003e-03
49.400940	1.65500003e-03
49.420940	2.21500010e-03
49.440941	2.12999992e-03
49.460941	1.83500000e-03
49.480942	1.54500001e-03
49.500942	1.25500001e-03
49.520943	9.59999976e-04
49.540943	6.69999979e-04
49.560944	5.39999979e-04
49.580944	5.20000001e-04
49.600945	5.05000004e-04
49.620945	-6.09999988e-04
49.640945	-2.19999999e-03
49.660946	-3.78499995e-03
49.680946	-4.16499982e-03
49.700947	-4.24499996e-03
49.720947	-4.32999991e-03
49.740948	-4.41000005e-03
49.760948	-4.49000020e-03
49.780949	-4.57999995e-03
49.800949	-4.56999987e-03
49.820950	-3.73000000e-03
49.840950	-2.89999996e-03
49.860950	-2.06499989e-03
49.880951	-1.71999994e-03
49.900951	-1.85999996e-03
49.920952	-2.00499990e-03
49.940952	-2.14500003e-03
49.960953	-2.28499994e-03
49.980953	-1.85000000e-03
49.980953	0.00000000e+00
50.000000	0.00000000e+00
